20
8
11 18
0 4 5 6 9 14 15 19
0 0 0 36 36 24 10 34 0 0 46 0 0 35 14 0 0 0 29 22 
0 0 0 0 0 0 0 0 0 0 50 0 0 0 0 14 0 28 0 0 
0 0 0 17 25 0 0 0 12 13 0 35 0 13 24 0 0 12 27 0 
36 0 17 0 0 0 0 41 0 0 0 0 0 0 47 0 0 0 0 0 
36 0 25 0 0 33 0 0 42 0 46 0 0 0 0 0 0 0 0 0 
24 0 0 0 33 0 0 0 19 0 0 46 0 0 29 0 0 0 48 35 
10 0 0 0 0 0 0 45 10 39 0 0 19 0 0 0 12 0 0 0 
34 0 0 41 0 0 45 0 15 27 0 50 23 0 17 0 37 0 30 13 
0 0 12 0 42 19 10 15 0 23 0 42 0 0 0 0 21 0 0 0 
0 0 13 0 0 0 39 27 23 0 0 27 0 0 0 12 0 0 0 0 
46 50 0 0 46 0 0 0 0 0 0 0 0 0 0 0 0 0 10 0 
0 0 35 0 0 46 0 50 42 27 0 0 0 0 40 0 0 0 0 0 
0 0 0 0 0 0 19 23 0 0 0 0 0 0 0 0 0 0 28 0 
35 0 13 0 0 0 0 0 0 0 0 0 0 0 0 40 0 0 48 0 
14 0 24 47 0 29 0 17 0 0 0 40 0 0 0 0 0 0 0 33 
0 14 0 0 0 0 0 0 0 12 0 0 0 40 0 0 18 27 20 0 
0 0 0 0 0 0 12 37 21 0 0 0 0 0 0 18 0 0 0 18 
0 28 12 0 0 0 0 0 0 0 0 0 0 0 0 27 0 0 0 0 
29 0 27 0 0 48 0 30 0 0 10 0 28 48 0 20 0 0 0 0 
22 0 0 0 0 35 0 13 0 0 0 0 0 0 33 0 18 0 0 0 