40
14
14 3
2 4 5 7 10 12 18 19 20 25 26 35 38 39
0 0 66 15 0 95 26 70 77 0 13 0 0 13 97 0 0 0 56 97 0 30 48 91 5 0 0 0 0 0 30 32 7 38 58 0 7 80 3 82
0 0 0 0 0 74 0 0 0 0 33 0 0 0 10 58 29 0 77 43 0 0 0 58 0 0 0 39 73 0 88 91 89 86 95 65 0 0 0 0
66 0 0 0 14 0 0 0 0 0 0 80 0 0 22 100 0 43 0 80 49 0 0 4 0 84 39 0 0 57 0 0 0 0 22 5 52 19 0 21
15 0 0 29 0 0 91 64 82 100 0 46 50 0 0 54 0 76 54 79 75 45 0 0 0 0 0 67 6 22 78 87 15 0 42 0 1 52 0 0
0 0 14 0 0 0 57 0 32 86 0 81 0 44 76 0 86 0 0 0 90 19 37 0 0 43 0 0 10 0 0 93 0 8 15 0 0 0 0 0
95 74 0 0 0 0 73 91 0 0 0 79 0 95 91 60 0 42 42 0 16 0 0 98 84 71 0 0 78 35 68 0 89 0 66 41 0 15 18 81
26 0 0 91 57 73 0 94 41 0 79 0 12 0 0 0 82 0 0 88 0 70 80 17 76 0 0 0 0 0 93 92 42 0 0 0 37 9 95 0
70 0 0 64 0 91 94 92 76 0 70 11 0 87 20 0 0 0 0 0 0 50 0 0 91 0 0 0 0 67 0 0 72 77 0 13 13 57 44 61
77 0 0 82 32 0 41 76 0 0 0 0 0 14 27 0 0 60 0 0 0 1 0 21 0 74 97 83 62 38 22 0 0 65 0 0 57 0 43 0
0 0 0 100 86 0 0 0 0 83 70 0 9 0 0 0 43 82 0 12 0 36 74 0 72 85 0 70 42 83 67 42 100 78 21 4 85 46 0 41
13 33 0 0 0 0 79 70 0 70 0 10 0 0 93 0 0 0 13 0 92 0 0 29 0 0 0 0 0 0 0 13 38 52 56 0 22 11 0 0
0 0 80 46 81 79 0 11 0 0 10 0 2 0 30 15 56 19 0 0 49 0 0 79 97 39 0 0 7 0 0 74 0 0 75 94 0 48 0 81
0 0 0 50 0 0 12 0 0 9 0 2 61 70 10 42 25 82 15 76 0 0 99 0 9 45 0 80 11 91 44 76 0 0 0 97 11 0 0 0
13 0 0 0 44 95 0 87 14 0 0 0 70 0 0 0 0 7 26 0 0 27 0 0 98 87 0 25 1 0 0 97 62 0 0 0 47 60 99 49
97 10 22 0 76 91 0 20 27 0 93 30 10 0 87 89 0 0 62 72 23 83 46 51 27 0 12 0 0 100 11 32 0 0 0 13 49 57 0 0
0 58 100 54 0 60 0 0 0 0 0 15 42 0 89 0 59 0 0 0 99 0 0 60 0 40 12 36 0 26 25 89 0 0 20 0 0 0 31 66
0 29 0 0 86 0 82 0 0 43 0 56 25 0 0 59 78 96 0 0 0 0 0 16 68 0 68 0 0 12 6 0 74 0 53 61 20 23 61 86
0 0 43 76 0 42 0 0 60 82 0 19 82 7 0 0 96 92 6 36 23 0 0 0 0 39 47 0 10 80 16 0 2 93 21 24 0 39 44 64
56 77 0 54 0 42 0 0 0 0 13 0 15 26 62 0 0 6 72 31 18 83 51 45 0 38 0 0 18 0 0 29 73 0 0 5 0 0 0 0
97 43 80 79 0 0 88 0 0 12 0 0 76 0 72 0 0 36 31 0 4 1 36 0 0 0 45 48 100 11 21 0 0 97 0 0 98 11 0 0
0 0 49 75 90 16 0 0 0 0 92 49 0 0 23 99 0 23 18 4 68 0 0 0 4 21 0 0 0 0 2 0 0 0 0 0 78 59 62 8
30 0 0 45 19 0 70 50 1 36 0 0 0 27 83 0 0 0 83 1 0 0 0 15 0 85 12 0 0 41 19 0 0 95 11 29 0 72 17 78
48 0 0 0 37 0 80 0 0 74 0 0 99 0 46 0 0 0 51 36 0 0 0 0 2 63 0 0 88 0 0 1 0 9 36 0 0 0 64 0
91 58 4 0 0 98 17 0 21 0 29 79 0 0 51 60 16 0 45 0 0 15 0 0 0 86 47 49 41 0 0 0 0 0 36 85 51 0 53 8
5 0 0 0 0 84 76 91 0 72 0 97 9 98 27 0 68 0 0 0 4 0 2 0 0 0 11 42 3 97 84 0 0 83 0 0 0 80 0 0
0 0 84 0 43 71 0 0 74 85 0 39 45 87 0 40 0 39 38 0 21 85 63 86 0 0 71 78 22 76 0 0 0 55 0 21 81 74 51 91
0 0 39 0 0 0 0 0 97 0 0 0 0 0 12 12 68 47 0 45 0 12 0 47 11 71 0 0 0 0 47 0 0 12 0 0 88 46 0 52
0 39 0 67 0 0 0 0 83 70 0 0 80 25 0 36 0 0 0 48 0 0 0 49 42 78 0 0 26 60 92 0 0 0 0 28 0 67 64 38
0 73 0 6 10 78 0 0 62 42 0 7 11 1 0 0 0 10 18 100 0 0 88 41 3 22 0 26 0 0 0 0 0 28 69 47 0 82 75 0
0 0 57 22 0 35 0 67 38 83 0 0 91 0 100 26 12 80 0 11 0 41 0 0 97 76 0 60 0 0 0 94 0 0 41 0 31 0 0 0
30 88 0 78 0 68 93 0 22 67 0 0 44 0 11 25 6 16 0 21 2 19 0 0 84 0 47 92 0 0 0 0 15 85 0 0 0 8 33 0
32 91 0 87 93 0 92 0 0 42 13 74 76 97 32 89 0 0 29 0 0 0 1 0 0 0 0 0 0 94 0 0 0 29 0 24 24 20 0 76
7 89 0 15 0 89 42 72 0 100 38 0 0 62 0 0 74 2 73 0 0 0 0 0 0 0 0 0 0 0 15 0 0 0 0 0 0 95 6 39
38 86 0 0 8 0 0 77 65 78 52 0 0 0 0 0 0 93 0 97 0 95 9 0 83 55 12 0 28 0 85 29 0 81 32 31 0 46 0 76
58 95 22 42 15 66 0 0 0 21 56 75 0 0 0 20 53 21 0 0 0 11 36 36 0 0 0 0 69 41 0 0 0 32 88 0 0 73 7 41
0 65 5 0 0 41 0 13 0 4 0 94 97 0 13 0 61 24 5 0 0 29 0 85 0 21 0 28 47 0 0 24 0 31 0 0 17 25 0 0
7 0 52 1 0 0 37 13 57 85 22 0 11 47 49 0 20 0 0 98 78 0 0 51 0 81 88 0 0 31 0 24 0 0 0 17 0 0 53 0
80 0 19 52 0 15 9 57 0 46 11 48 0 60 57 0 23 39 0 11 59 72 0 0 80 74 46 67 82 0 8 20 95 46 73 25 0 0 0 0
3 0 0 0 0 18 95 44 43 0 0 0 0 99 0 31 61 44 0 0 62 17 64 53 0 51 0 64 75 0 33 0 6 0 7 0 53 0 29 0
82 0 21 0 0 81 0 61 0 41 0 81 0 49 0 66 86 64 0 0 8 78 0 8 0 91 52 38 0 0 0 76 39 76 41 0 0 0 0 6
